1.085510 1.498571
1.082509 1.494524
1.078064 1.484524
1.062729 1.477262
1.050617 1.480952
1.046727 1.485238
1.040616 1.492381
1.030503 1.494881
1.016057 1.491667
1.004389 1.488095
0.994722 1.485119
0.983609 1.481667
0.969941 1.477381
0.957162 1.473929
0.948272 1.471548
0.927714 1.464881
0.907156 1.457738
0.883820 1.445119
0.878486 1.442143
0.874375 1.436071
0.868819 1.426190
0.865485 1.419881
0.864485 1.417381
0.857151 1.394643
0.856929 1.337500
0.864263 1.312143
0.867819 1.304167
0.904934 1.272262
0.961051 1.273214
0.988276 1.287381
1.004501 1.299048
1.017502 1.309048
1.019169 1.296786
1.021169 1.266190
1.022614 1.247381
1.019058 1.244167
1.015391 1.241071
1.014168 1.222262
1.014390 1.198810
1.004278 1.193333
0.956606 1.195476
0.918269 1.195833
0.907712 1.190357
0.892155 1.182738
0.883820 1.179167
0.875486 1.175595
0.849706 1.163214
0.823814 1.150595
0.813257 1.145476
0.797144 1.138095
0.782365 1.131310
0.763251 1.139881
0.748805 1.152381
0.725581 1.174762
0.715468 1.186071
0.709023 1.191786
0.708356 1.200357
0.701911 1.228690
0.698578 1.232500
0.666241 1.231667
0.626903 1.229524
0.613679 1.229524
0.587899 1.230952
0.534448 1.225238
0.523892 1.223214
0.520336 1.216071
0.512668 1.200595
0.507223 1.190476
0.505001 1.186905
0.502222 1.181548
0.500000 1.170952
0.503778 1.160000
0.507556 1.155952
0.532670 1.155952
0.557229 1.149405
0.555451 1.144524
0.553895 1.139524
0.546894 1.116429
0.548783 1.109643
0.551117 1.105952
0.576453 1.105952
0.603345 1.108095
0.610457 1.123810
0.613790 1.132738
0.617791 1.143095
0.622014 1.150238
0.648016 1.147738
0.647239 1.140357
0.645349 1.122976
0.656906 1.111071
0.671019 1.099167
0.674575 1.096429
0.677575 1.094167
0.715246 1.062738
0.721025 1.057976
0.738249 1.043690
0.757473 1.027738
0.761029 1.024405
0.761362 0.999405
0.761585 0.974405
0.751028 0.974643
0.723136 0.976310
0.702911 0.975476
0.698911 0.970000
0.696244 0.966667
0.688021 0.954048
0.685354 0.948690
0.675464 0.932500
0.672130 0.927381
0.668797 0.923571
0.667019 0.920119
0.664463 0.910476
0.662796 0.909524
0.652128 0.892381
0.650239 0.889167
0.642127 0.875357
0.637904 0.868095
0.629459 0.851905
0.628014 0.848690
0.624014 0.842262
0.620347 0.834167
0.618791 0.827976
0.615457 0.819881
0.612124 0.812976
0.610457 0.809048
0.608790 0.802738
0.605678 0.794286
0.599122 0.776429
0.596900 0.770595
0.588788 0.750595
0.585454 0.742857
0.582120 0.737262
0.580342 0.731905
0.578453 0.722738
0.577120 0.716071
0.572230 0.686071
0.571564 0.680595
0.573786 0.648810
0.574119 0.645476
0.574119 0.639524
0.575453 0.629643
0.580231 0.620357
0.583231 0.617262
0.592455 0.605952
0.596122 0.603452
0.605678 0.599881
0.631459 0.597619
0.640905 0.597262
0.667796 0.592857
0.676242 0.593929
0.682131 0.588452
0.693244 0.563690
0.705467 0.557976
0.743471 0.555357
0.755584 0.563095
0.764363 0.575595
0.776809 0.582024
0.789143 0.584524
0.798144 0.588095
0.805367 0.591548
0.811924 0.595714
0.818813 0.611190
0.827703 0.623333
0.831592 0.625119
0.838815 0.626190
0.855484 0.626905
0.871375 0.624881
0.881487 0.623690
0.928825 0.621429
0.944938 0.620238
0.964829 0.618452
0.983165 0.616667
1.002167 0.614881
1.021614 0.613095
1.041060 0.611310
1.061062 0.609524
1.081620 0.607738
1.101067 0.605952
1.119402 0.604167
1.137849 0.602381
1.156517 0.597738
1.158851 0.575595
1.164852 0.544643
1.188188 0.542857
1.211746 0.539167
1.214968 0.532262
1.217302 0.523214
1.218858 0.516429
1.224192 0.508690
1.229414 0.502857
1.241638 0.501429
1.265418 0.500000
1.279976 0.502381
1.292199 0.520357
1.294533 0.526190
1.296866 0.530952
1.307645 0.530952
1.319647 0.532262
1.333315 0.529048
1.346650 0.527381
1.371875 0.535476
1.379653 0.541905
1.401100 0.559524
1.421991 0.576429
1.425436 0.579524
1.430659 0.584048
1.453439 0.602857
1.474775 0.625357
1.479998 0.636786
1.483331 0.644524
1.488443 0.665952
1.489332 0.674524
1.492221 0.686905
1.493888 0.696190
1.493333 0.698810
1.493777 0.703095
1.496111 0.713571
1.499000 0.724286
1.500000 0.745714
1.498667 0.767619
1.497222 0.770238
1.498667 0.772857
1.498444 0.779048
1.495666 0.788690
1.489666 0.818452
1.487776 0.823571
1.485109 0.831310
1.480442 0.844048
1.476997 0.852500
1.475553 0.856310
1.470441 0.869048
1.468552 0.873810
1.463774 0.887024
1.460551 0.895833
1.457440 0.904524
1.453884 0.913452
1.444105 0.931905
1.423103 0.934524
1.388877 0.936786
1.318313 0.941786
1.296977 0.946071
1.294422 0.950476
1.302200 0.967262
1.307645 0.977976
1.314979 0.991548
1.318869 0.998571
1.320869 1.001548
1.322536 1.021310
1.321091 1.042262
1.318758 1.064881
1.310201 1.098571
1.303645 1.102381
1.300645 1.104286
1.298867 1.127143
1.295644 1.171429
1.291088 1.181310
1.277086 1.184524
1.240193 1.186429
1.204300 1.187857
1.191744 1.184643
1.181409 1.182738
1.144961 1.184405
1.116068 1.185119
1.115291 1.195833
1.113513 1.223929
1.108734 1.247024
1.105512 1.270714
1.103734 1.292976
1.102289 1.310357
1.106290 1.331071
1.108845 1.334524
1.109734 1.336905
1.121180 1.325952
1.224192 1.279524
1.280420 1.318452
1.283420 1.325238
1.289866 1.350119
1.283754 1.402619
1.282198 1.407738
1.265974 1.436667
1.203300 1.473690
1.192744 1.476190
1.181076 1.479167
1.167519 1.482619
1.157295 1.484524
1.151961 1.485714
1.141071 1.487976
1.121069 1.492143
1.105289 1.495833
1.101067 1.498214
1.093288 1.500000
